ID,col1,col2,col3,col4,col5,col6,col7,col8,col9,col10,col11,col12,col13,col14,col15,col16,col17
4.4717,0.1405,0,0,0,0,0,0,0,0,0,0,0,0,0,0,0
05D3lc,0.46156,0.46156,0.0,22.76265,0.11115,0,0,0,0,0,0,0,0,0,0,0
05D3mh,0.67065,0.67065,0.0,23.78495,0.1775,0,0,0,0,0,0,0,0,0,0,0
05D3mq,0.24649,0.24649,0.0,21.16055,0.10805,0,0,0,0,0,0,0,0,0,0,0
05D4ag,0.63822,0.63822,0.0,23.49005,0.184,0,0,0,0,0,0,0,0,0,0,0
05D4be,0.53532,0.53532,0.0,23.06945,0.11085,0,0,0,0,0,0,0,0,0,0,0
05D4bi,0.77307,0.77307,0.0,24.17605,0.17625,0,0,0,0,0,0,0,0,0,0,0
05D4bm,0.3705,0.3705,0.0,22.15255,0.1043,0,0,0,0,0,0,0,0,0,0,0
05D4cq,0.69916,0.69916,0.0,23.88895,0.1728,0,0,0,0,0,0,0,0,0,0,0
05D4cw,0.3735,0.3735,0.0,22.11185,0.1039,0,0,0,0,0,0,0,0,0,0,0
05D4dw,0.85298,0.85298,0.0,24.3052,0.1508,0,0,0,0,0,0,0,0,0,0,0
05D4ef,0.60326,0.60326,0.0,23.58805,0.1429,0,0,0,0,0,0,0,0,0,0,0
05D4ek,0.53433,0.53433,0.0,22.9223,0.1289,0,0,0,0,0,0,0,0,0,0,0
05D4ff,0.40048,0.40048,0.0,22.2601,0.1151,0,0,0,0,0,0,0,0,0,0,0
05D4fo,0.3715,0.3715,0.0,22.20135,0.10745,0,0,0,0,0,0,0,0,0,0,0
05D4hn,0.83999,0.83999,0.0,24.0253,0.15175,0,0,0,0,0,0,0,0,0,0,0
06D2ca,0.53278,0.53278,0.0,23.059,0.11385,0,0,0,0,0,0,0,0,0,0,0
06D2cd,0.93225,0.93225,0.0,24.704,0.21015,0,0,0,0,0,0,0,0,0,0,0
06D2ck,0.55381,0.55381,0.0,23.2838,0.1242,0,0,0,0,0,0,0,0,0,0,0
06D2ga,0.84214,0.84214,0.0,24.3261,0.1858,0,0,0,0,0,0,0,0,0,0,0
06D3bz,0.72767,0.72767,0.0,23.8687,0.19785,0,0,0,0,0,0,0,0,0,0,0
06D3df,0.44255,0.44255,0.0,22.67285,0.1137,0,0,0,0,0,0,0,0,0,0,0
06D3dt,0.28251,0.28251,0.0,21.5746,0.1073,0,0,0,0,0,0,0,0,0,0,0
06D3el,0.51961,0.51961,0.0,23.03865,0.109,0,0,0,0,0,0,0,0,0,0,0
06D3en,1.0608,1.0608,0.0,24.6873,0.16415,0,0,0,0,0,0,0,0,0,0,0
06D3fp,0.26849,0.26849,0.0,21.24725,0.1051,0,0,0,0,0,0,0,0,0,0,0
06D3gn,0.2505,0.2505,0.0,21.1763,0.1114,0,0,0,0,0,0,0,0,0,0,0
06D4ba,0.69816,0.69816,0.0,23.7924,0.2171,0,0,0,0,0,0,0,0,0,0,0
06D4bw,0.73012,0.73012,0.0,23.7684,0.19115,0,0,0,0,0,0,0,0,0,0,0
06D4cl,0.99781,0.99781,0.0,24.6122,0.0953,0,0,0,0,0,0,0,0,0,0,0
06D4cq,0.40946,0.40946,0.0,22.451,0.10895,0,0,0,0,0,0,0,0,0,0,0
744,0.12679,0.12679,0.0,19.5429,0.11965,0,0,0,0,0,0,0,0,0,0,0
1112,0.25577,0.25577,0.0,21.3344,0.1818,0,0,0,0,0,0,0,0,0,0,0
1241,0.08859,0.08859,0.0,18.64345,0.10605,0,0,0,0,0,0,0,0,0,0,0
1371,0.11782,0.11782,0.0,19.19345,0.0991,0,0,0,0,0,0,0,0,0,0,0
1580,0.18356,0.18356,0.0,20.2951,0.1284,0,0,0,0,0,0,0,0,0,0,0
1794,0.14055,0.14055,0.0,19.871,0.11635,0,0,0,0,0,0,0,0,0,0,0
2031,0.15171,0.15171,0.0,19.7933,0.10325,0,0,0,0,0,0,0,0,0,0,0
2102,0.094,0.094,0.0,18.889,0.10285,0,0,0,0,0,0,0,0,0,0,0
2165,0.28631,0.28631,0.0,21.6827,0.1504,0,0,0,0,0,0,0,0,0,0,0
2422,0.26318,0.26318,0.0,21.3576,0.14295,0,0,0,0,0,0,0,0,0,0,0
2635,0.14167,0.14167,0.0,19.79675,0.1047,0,0,0,0,0,0,0,0,0,0,0
2689,0.16053,0.16053,0.0,19.9329,0.1156,0,0,0,0,0,0,0,0,0,0,0
2916,0.1229,0.1229,0.0,19.3948,0.11665,0,0,0,0,0,0,0,0,0,0,0
2992,0.1262,0.1262,0.0,19.36855,0.113,0,0,0,0,0,0,0,0,0,0,0
3080,0.17331,0.17331,0.0,20.15345,0.09925,0,0,0,0,0,0,0,0,0,0,0
3087,0.16448,0.16448,0.0,20.03175,0.1083,0,0,0,0,0,0,0,0,0,0,0
3317,0.16018,0.16018,0.0,19.92285,0.11045,0,0,0,0,0,0,0,0,0,0,0
3377,0.24488,0.24488,0.0,20.86815,0.1298,0,0,0,0,0,0,0,0,0,0,0
3451,0.24805,0.24805,0.0,20.98175,0.13435,0,0,0,0,0,0,0,0,0,0,0
4046,0.27511,0.27511,0.0,21.37075,0.15505,0,0,0,0,0,0,0,0,0,0,0
4241,0.33015,0.33015,0.0,21.9321,0.1589,0,0,0,0,0,0,0,0,0,0,0
4679,0.3307,0.3307,0.0,21.82885,0.1481,0,0,0,0,0,0,0,0,0,0,0
5103,0.1604,0.1604,0.0,19.98615,0.10955,0,0,0,0,0,0,0,0,0,0,0
5533,0.21861,0.21861,0.0,20.87005,0.13435,0,0,0,0,0,0,0,0,0,0,0
5549,0.12005,0.12005,0.0,19.36835,0.1021,0,0,0,0,0,0,0,0,0,0,0
5635,0.17818,0.17818,0.0,20.72835,0.1286,0,0,0,0,0,0,0,0,0,0,0
5957,0.279,0.279,0.0,21.50115,0.13265,0,0,0,0,0,0,0,0,0,0,0
5994,0.18562,0.18562,0.0,20.48365,0.1298,0,0,0,0,0,0,0,0,0,0,0
6057,0.06641,0.06641,0.0,17.9881,0.1134,0,0,0,0,0,0,0,0,0,0,0
6108,0.25769,0.25769,0.0,21.2775,0.14285,0,0,0,0,0,0,0,0,0,0,0
6196,0.27946,0.27946,0.0,21.2773,0.1398,0,0,0,0,0,0,0,0,0,0,0
6315,0.2655,0.2655,0.0,21.0609,0.1301,0,0,0,0,0,0,0,0,0,0,0
6422,0.18478,0.18478,0.0,20.37525,0.1056,0,0,0,0,0,0,0,0,0,0,0
6558,0.05715,0.05715,0.0,17.65695,0.1072,0,0,0,0,0,0,0,0,0,0,0
6924,0.32601,0.32601,0.0,21.6733,0.1464,0,0,0,0,0,0,0,0,0,0,0
7147,0.10902,0.10902,0.0,19.1721,0.10285,0,0,0,0,0,0,0,0,0,0,0
7243,0.20299,0.20299,0.0,20.7001,0.1382,0,0,0,0,0,0,0,0,0,0,0
7779,0.37949,0.37949,0.0,22.13745,0.1395,0,0,0,0,0,0,0,0,0,0,0
7847,0.21198,0.21198,0.0,20.68915,0.12295,0,0,0,0,0,0,0,0,0,0,0
8495,0.21327,0.21327,0.0,20.78295,0.1364,0,0,0,0,0,0,0,0,0,0,0
8921,0.14393,0.14393,0.0,19.83575,0.113,0,0,0,0,0,0,0,0,0,0,0
9032,0.25218,0.25218,0.0,21.1678,0.16095,0,0,0,0,0,0,0,0,0,0,0
9457,0.25641,0.25641,0.0,21.2758,0.1749,0,0,0,0,0,0,0,0,0,0,0
9467,0.2186,0.2186,0.0,20.976,0.1685,0,0,0,0,0,0,0,0,0,0,0
12779,0.07883,0.07883,0.0,18.5397,0.12205,0,0,0,0,0,0,0,0,0,0,0
12781,0.08328,0.08328,0.0,18.7438,0.11605,0,0,0,0,0,0,0,0,0,0,0
12856,0.17008,0.17008,0.0,20.2489,0.107,0,0,0,0,0,0,0,0,0,0,0
12881,0.23643,0.23643,0.0,20.87655,0.14325,0,0,0,0,0,0,0,0,0,0,0
12883,0.30538,0.30538,0.0,21.3803,0.19765,0,0,0,0,0,0,0,0,0,0,0
12898,0.08286,0.08286,0.0,18.5179,0.1055,0,0,0,0,0,0,0,0,0,0,0
12927,0.18905,0.18905,0.0,20.2039,0.1187,0,0,0,0,0,0,0,0,0,0,0
12950,0.08162,0.08162,0.0,18.511,0.10425,0,0,0,0,0,0,0,0,0,0,0
12972,0.25626,0.25626,0.0,21.2564,0.16145,0,0,0,0,0,0,0,0,0,0,0
13005,0.12631,0.12631,0.0,19.58525,0.13485,0,0,0,0,0,0,0,0,0,0,0
13038,0.1028,0.1028,0.0,19.16175,0.1443,0,0,0,0,0,0,0,0,0,0,0
13044,0.1244,0.1244,0.0,19.4784,0.1006,0,0,0,0,0,0,0,0,0,0,0
13136,0.37003,0.37003,0.0,22.46065,0.1636,0,0,0,0,0,0,0,0,0,0,0
13152,0.20192,0.20192,0.0,20.38595,0.11475,0,0,0,0,0,0,0,0,0,0,0
13254,0.18004,0.18004,0.0,20.68245,0.14335,0,0,0,0,0,0,0,0,0,0,0
13411,0.16163,0.16163,0.0,20.1359,0.1299,0,0,0,0,0,0,0,0,0,0,0
13578,0.22644,0.22644,0.0,20.8771,0.141,0,0,0,0,0,0,0,0,0,0,0
13610,0.29649,0.29649,0.0,21.4449,0.1446,0,0,0,0,0,0,0,0,0,0,0
13689,0.24999,0.24999,0.0,21.20115,0.13305,0,0,0,0,0,0,0,0,0,0,0
13736,0.14864,0.14864,0.0,19.91815,0.1063,0,0,0,0,0,0,0,0,0,0,0
13796,0.14711,0.14711,0.0,19.776,0.10335,0,0,0,0,0,0,0,0,0,0,0
14019,0.2149,0.2149,0.0,21.20185,0.1483,0,0,0,0,0,0,0,0,0,0,0
14024,0.14462,0.14462,0.0,19.8106,0.13965,0,0,0,0,0,0,0,0,0,0,0
14108,0.13226,0.13226,0.0,19.9293,0.1333,0,0,0,0,0,0,0,0,0,0,0
14331,0.2195,0.2195,0.0,21.00055,0.1346,0,0,0,0,0,0,0,0,0,0,0
14397,0.38447,0.38447,0.0,22.40575,0.14945,0,0,0,0,0,0,0,0,0,0,0
14421,0.1742,0.1742,0.0,20.3461,0.1115,0,0,0,0,0,0,0,0,0,0,0
14451,0.17772,0.17772,0.0,20.20345,0.1224,0,0,0,0,0,0,0,0,0,0,0
14735,0.29911,0.29911,0.0,21.51975,0.1301,0,0,0,0,0,0,0,0,0,0,0
14871,0.1187,0.1187,0.0,19.44875,0.1339,0,0,0,0,0,0,0,0,0,0,0
14979,0.17685,0.17685,0.0,20.2397,0.106,0,0,0,0,0,0,0,0,0,0,0
15057,0.24526,0.24526,0.0,21.3752,0.1882,0,0,0,0,0,0,0,0,0,0,0
15129,0.1959,0.1959,0.0,20.54825,0.11935,0,0,0,0,0,0,0,0,0,0,0
15161,0.24832,0.24832,0.0,21.09655,0.1326,0,0,0,0,0,0,0,0,0,0,0
15213,0.30617,0.30617,0.0,21.77705,0.16135,0,0,0,0,0,0,0,0,0,0,0
15219,0.24616,0.24616,0.0,21.1569,0.13055,0,0,0,0,0,0,0,0,0,0,0
15234,0.13527,0.13527,0.0,19.9671,0.1135,0,0,0,0,0,0,0,0,0,0,0
15259,0.21028,0.21028,0.0,20.6402,0.1335,0,0,0,0,0,0,0,0,0,0,0
15287,0.23603,0.23603,0.0,21.1547,0.12315,0,0,0,0,0,0,0,0,0,0,0
15301,0.17831,0.17831,0.0,20.37535,0.1134,0,0,0,0,0,0,0,0,0,0,0
15354,0.22043,0.22043,0.0,20.81795,0.15445,0,0,0,0,0,0,0,0,0,0,0
15383,0.31468,0.31468,0.0,21.8201,0.1572,0,0,0,0,0,0,0,0,0,0,0
15421,0.1846,0.1846,0.0,20.55175,0.1118,0,0,0,0,0,0,0,0,0,0,0
15440,0.2611,0.2611,0.0,21.2036,0.13865,0,0,0,0,0,0,0,0,0,0,0
15443,0.18122,0.18122,0.0,20.21145,0.10535,0,0,0,0,0,0,0,0,0,0,0
15456,0.38003,0.38003,0.0,22.03255,0.1506,0,0,0,0,0,0,0,0,0,0,0
15461,0.1846,0.1846,0.0,20.38765,0.1082,0,0,0,0,0,0,0,0,0,0,0
15467,0.20824,0.20824,0.0,20.65465,0.12075,0,0,0,0,0,0,0,0,0,0,0
15583,0.17746,0.17746,0.0,20.33625,0.12905,0,0,0,0,0,0,0,0,0,0,0
15776,0.31555,0.31555,0.0,21.7168,0.15355,0,0,0,0,0,0,0,0,0,0,0
15868,0.24954,0.24954,0.0,21.1676,0.1247,0,0,0,0,0,0,0,0,0,0,0
15901,0.20324,0.20324,0.0,20.6509,0.11955,0,0,0,0,0,0,0,0,0,0,0
16021,0.12347,0.12347,0.0,19.4198,0.10285,0,0,0,0,0,0,0,0,0,0,0
16032,0.20314,0.20314,0.0,20.64385,0.12035,0,0,0,0,0,0,0,0,0,0,0
16073,0.15352,0.15352,0.0,20.1226,0.10495,0,0,0,0,0,0,0,0,0,0,0
16093,0.33398,0.33398,0.0,21.9349,0.1592,0,0,0,0,0,0,0,0,0,0,0
16099,0.19582,0.19582,0.0,20.5286,0.1151,0,0,0,0,0,0,0,0,0,0,0
16106,0.24943,0.24943,0.0,21.0769,0.14445,0,0,0,0,0,0,0,0,0,0,0
16116,0.1549,0.1549,0.0,20.0251,0.1063,0,0,0,0,0,0,0,0,0,0,0
16165,0.15625,0.15625,0.0,19.98785,0.12595,0,0,0,0,0,0,0,0,0,0,0
16206,0.15819,0.15819,0.0,19.81685,0.12375,0,0,0,0,0,0,0,0,0,0,0
16211,0.309,0.309,0.0,21.8114,0.19685,0,0,0,0,0,0,0,0,0,0,0
16213,0.24828,0.24828,0.0,21.1261,0.1388,0,0,0,0,0,0,0,0,0,0,0
16281,0.18484,0.18484,0.0,20.31575,0.1235,0,0,0,0,0,0,0,0,0,0,0
17168,0.18353,0.18353,0.0,20.5074,0.1247,0,0,0,0,0,0,0,0,0,0,0
17215,0.18212,0.18212,0.0,20.37965,0.13765,0,0,0,0,0,0,0,0,0,0,0
17218,0.17675,0.17675,0.0,20.28545,0.129,0,0,0,0,0,0,0,0,0,0,0
17220,0.17748,0.17748,0.0,20.0718,0.12115,0,0,0,0,0,0,0,0,0,0,0
17240,0.0718,0.0718,0.0,18.0121,0.1254,0,0,0,0,0,0,0,0,0,0,0
17366,0.13796,0.13796,0.0,19.66285,0.10475,0,0,0,0,0,0,0,0,0,0,0
17389,0.16941,0.16941,0.0,20.46515,0.1317,0,0,0,0,0,0,0,0,0,0,0
17464,0.24527,0.24527,0.0,20.7198,0.14705,0,0,0,0,0,0,0,0,0,0,0
17497,0.14406,0.14406,0.0,19.81665,0.10485,0,0,0,0,0,0,0,0,0,0,0
17552,0.25163,0.25163,0.0,21.2338,0.1462,0,0,0,0,0,0,0,0,0,0,0
17784,0.03743,0.03743,0.0,16.7708,0.1166,0,0,0,0,0,0,0,0,0,0,0
17791,0.27716,0.27716,0.0,21.8807,0.2055,0,0,0,0,0,0,0,0,0,0,0
17809,0.28712,0.28712,0.0,21.2668,0.1491,0,0,0,0,0,0,0,0,0,0,0
17811,0.19845,0.19845,0.0,20.61015,0.13895,0,0,0,0,0,0,0,0,0,0,0
17825,0.16031,0.16031,0.0,20.07605,0.129,0,0,0,0,0,0,0,0,0,0,0
17875,0.21053,0.21053,0.0,21.0136,0.15075,0,0,0,0,0,0,0,0,0,0,0
17884,0.23753,0.23753,0.0,21.0147,0.1316,0,0,0,0,0,0,0,0,0,0,0
18030,0.15499,0.15499,0.0,20.14265,0.11795,0,0,0,0,0,0,0,0,0,0,0
18241,0.0939,0.0939,0.0,18.94955,0.14945,0,0,0,0,0,0,0,0,0,0,0
18323,0.15253,0.15253,0.0,20.08555,0.11355,0,0,0,0,0,0,0,0,0,0,0
18325,0.25693,0.25693,0.0,21.2741,0.1446,0,0,0,0,0,0,0,0,0,0,0
18466,0.21231,0.21231,0.0,20.80065,0.1303,0,0,0,0,0,0,0,0,0,0,0
18486,0.24583,0.24583,0.0,20.88445,0.13085,0,0,0,0,0,0,0,0,0,0,0
18602,0.13679,0.13679,0.0,19.76485,0.11075,0,0,0,0,0,0,0,0,0,0,0
18617,0.32529,0.32529,0.0,21.9051,0.1809,0,0,0,0,0,0,0,0,0,0,0
18697,0.10643,0.10643,0.0,19.09035,0.10245,0,0,0,0,0,0,0,0,0,0,0
18721,0.4008,0.4008,0.0,22.30585,0.1602,0,0,0,0,0,0,0,0,0,0,0
18749,0.1891,0.1891,0.0,20.4864,0.13035,0,0,0,0,0,0,0,0,0,0,0
18804,0.19731,0.19731,0.0,20.4352,0.1122,0,0,0,0,0,0,0,0,0,0,0
18809,0.12783,0.12783,0.0,19.5616,0.132,0,0,0,0,0,0,0,0,0,0,0
18835,0.12291,0.12291,0.0,19.44025,0.1033,0,0,0,0,0,0,0,0,0,0,0
18855,0.12687,0.12687,0.0,19.59325,0.10365,0,0,0,0,0,0,0,0,0,0,0
18927,0.21311,0.21311,0.0,20.67635,0.1429,0,0,0,0,0,0,0,0,0,0,0
18940,0.21075,0.21075,0.0,20.727,0.12695,0,0,0,0,0,0,0,0,0,0,0
18945,0.26826,0.26826,0.0,21.4883,0.15275,0,0,0,0,0,0,0,0,0,0,0
18965,0.20431,0.20431,0.0,20.66435,0.12435,0,0,0,0,0,0,0,0,0,0,0
19002,0.26991,0.26991,0.0,21.2859,0.12695,0,0,0,0,0,0,0,0,0,0,0
19023,0.24162,0.24162,0.0,20.98075,0.15175,0,0,0,0,0,0,0,0,0,0,0
19027,0.2908,0.2908,0.0,21.236,0.14645,0,0,0,0,0,0,0,0,0,0,0
19067,0.35306,0.35306,0.0,21.81675,0.1515,0,0,0,0,0,0,0,0,0,0,0
19128,0.28509,0.28509,0.0,21.60225,0.15435,0,0,0,0,0,0,0,0,0,0,0
19230,0.21929,0.21929,0.0,20.6719,0.1534,0,0,0,0,0,0,0,0,0,0,0
19282,0.17537,0.17537,0.0,20.24765,0.1249,0,0,0,0,0,0,0,0,0,0,0
19341,0.23517,0.23517,0.0,20.9929,0.1458,0,0,0,0,0,0,0,0,0,0,0
19353,0.15298,0.15298,0.0,19.99965,0.1096,0,0,0,0,0,0,0,0,0,0,0
19425,0.20982,0.20982,0.0,20.90475,0.1584,0,0,0,0,0,0,0,0,0,0,0
19596,0.29121,0.29121,0.0,21.51945,0.1501,0,0,0,0,0,0,0,0,0,0,0
19632,0.31353,0.31353,0.0,21.8225,0.14945,0,0,0,0,0,0,0,0,0,0,0
19775,0.13672,0.13672,0.0,19.7402,0.1138,0,0,0,0,0,0,0,0,0,0,0
19794,0.29532,0.29532,0.0,21.7708,0.1925,0,0,0,0,0,0,0,0,0,0,0
19818,0.30369,0.30369,0.0,21.49625,0.135,0,0,0,0,0,0,0,0,0,0,0
19913,0.20532,0.20532,0.0,20.73155,0.1351,0,0,0,0,0,0,0,0,0,0,0
19953,0.12175,0.12175,0.0,19.34125,0.09805,0,0,0,0,0,0
